6.326134535121917725e+04
6.371754238128662109e+03
5.071153992652893066e+03
4.277974623203277588e+03
3.484311225175857544e+03
3.014155359566211700e+03
2.458082744717597961e+03
2.218829270064830780e+03
2.098236880242824554e+03
1.993084057807922363e+03
1.947267120420932770e+03
3.226217462062835693e+03
2.335368149101734161e+03
2.294325699388980865e+03
2.250818865239620209e+03
2.212970109224319458e+03
2.169690901398658752e+03
2.125552753150463104e+03
2.079306835293769836e+03
2.038695471644401550e+03
1.998994422674179077e+03
2.472499345779418945e+03
2.320655236124992371e+03
2.264932353138923645e+03
2.231644366979598999e+03
2.208234140217304230e+03
2.198170226633548737e+03
2.169840458989143372e+03
2.160891798019409180e+03
2.130031750917434692e+03
2.122290935039520264e+03
2.566321325778961182e+03
2.471762837409973145e+03
